param_Fri_May_12_17_45_15_2023
   rep: [ 0  1  2  3  4  5  6  7  8  9 10 11 12 13 14 15 16 17 18 19]
   alp: [0.001, 0.01, 0.1, 1.0, 10.0, 100.0, 1000.0]
   num_cell: [50, 100, 200, 500]
   cell_size: [1, 2, 4, 6, 8]
   sparse_freq: [1, 2, 4, 6, 8]


param_Wed_Jun_28_16_01_23_2023
   rep: [ 0  1  2  3  4  5  6  7  8  9 10 11 12 13 14 15 16 17 18 19]
   alp: [0.1, 1.0]
   num_cell: [50, 200]
   cell_size: [2, 4]
   sparse_freq: [2, 4]


param_Fri_Jun_30_19_07_29_2023
   rep: [ 0  1  2  3  4  5  6  7  8  9 10 11 12 13 14 15 16 17 18 19]
   alp: [0.1, 1.0, 10.0]
   num_cell: [50, 200]
   cell_size: [2, 4]
   sparse_freq: [2, 4]


